Inserting 1000 unique values between [0, 10000) into the binary search tree: 
1103 6335 7451 825 4329 7039 1426 3273 9917 4740 8848 4555 6939 7874 703 9811 9464 9402 6410 7298 6045 4875 2188 5458 7942 3364 1219 7060 8235 1463 3049 9338 4150 6852 6515 4831 3892 4456 161 9034 3304 4716 5973 7530 1772 5784 6994 7526 8546 4292 9923 3421 6480 1733 7716 6196 2952 4776 4431 4415 4177 122 4917 1030 2989 9749 1274 931 4205 1435 6317 3862 2504 8642 1392 4276 778 4739 8154 9325 9031 8077 2746 1864 9810 6814 4412 2763 5196 3530 2120 5318 4800 9502 8307 4549 776 5591 5106 8563 8260 5320 1067 6903 3065 1695 7681 7804 9849 3358 3187 4278 2457 5051 4089 9271 5816 3204 7214 1012 3086 5686 6330 7886 1540 989 8787 8668 2932 246 7231 1193 1918 8299 8096 4983 9994 2129 2787 9844 5488 5975 4122 7945 7378 4563 3568 3194 4119 7134 558 3558 9172 6888 7796 712 4230 6584 9380 7162 3182 6612 8355 5100 4911 2803 6436 4905 1285 5575 1101 3125 7902 1576 1070 5281 6139 990 4827 6611 8125 5386 169 3649 8626 7965 4362 9208 901 3742 6371 435 6706 1078 1888 7969 234 8324 9227 1519 3899 328 4644 1802 8256 2066 3435 748 9408 4614 7359 3885 6352 3880 7535 1331 1845 1897 539 9099 1991 3262 5886 8698 4341 7774 3019 927 6098 2246 8798 6350 2575 3442 8152 7183 1860 7939 7931 1268 2553 5290 5154 8906 5522 9041 237 3720 938 7128 2819 9281 391 8705 4331 1084 2832 7351 2011 8930 9597 809 5280 8524 603 9784 5708 2463 7723 3639 83 6629 5282 1589 5535 804 630 2124 876 7920 5604 3695 3554 5995 8753 7885 7079 1585 5236 5442 6867 1186 2603 2148 6062 3206 8284 1770 2021 6008 1762 8457 2637 3396 46 4524 552 7029 3000 1429 1301 8604 1476 4855 952 6581 2741 4383 8166 9826 1386 5515 8781 9886 1578 8340 8170 9700 361 530 7814 8818 9519 1210 5217 4043 1763 8598 3395 9544 9899 8352 1020 4755 9304 7602 7496 3687 8177 9865 9858 45 4999 9744 7975 3339 4267 7675 3700 4797 5490 8871 4317 3052 440 4712 1167 9038 8108 7063 8937 6460 8084 44 2116 2038 2155 510 2070 8373 6721 2115 3372 6465 6442 6711 732 4117 6763 1882 5959 5634 6199 5364 2426 7263 2883 1464 5371 9947 6754 8183 8031 6798 6651 6421 7043 8807 3283 9113 7180 4 7580 6904 2822 4022 3615 4491 6730 1788 6803 8717 4339 2167 1143 1603 5050 8960 6974 1349 5714 1510 5732 8864 8161 2153 5907 3320 1789 1372 1793 5304 3756 4615 9326 3723 4522 170 454 6310 6973 9171 650 5492 314 8605 6894 9274 5579 8244 1340 3441 3976 6557 7955 2482 8816 1275 4271 6541 8128 2416 8236 3384 7524 1960 4258 4046 2414 6920 1019 3922 2863 8251 2527 6109 3878 4459 705 1570 7900 4682 4479 2207 3516 9648 3483 4139 6189 7963 6555 4386 2551 6291 8262 4511 549 2308 3277 7470 9679 1214 2542 9466 3920 5004 9696 8379 5709 1266 2631 6743 5746 4839 259 1746 4674 4398 7935 8989 7306 8673 3597 6936 6052 4147 9244 5681 8924 6896 9361 7818 6362 3281 2410 8012 8532 3676 644 1627 5774 1835 1887 7520 6509 1807 1850 6295 481 3390 9893 7417 5794 392 6661 8361 1937 8372 4074 9756 1086 7356 2578 3496 1720 7462 3524 8716 9090 9299 551 7329 3171 3412 6318 4979 5262 2614 1812 5005 8859 9229 7151 5603 2242 8627 3964 4180 3351 8038 288 4437 2866 4285 9819 6681 7810 8535 2123 3461 9087 5804 6632 8851 2122 466 4736 6127 5471 5356 8974 5550 3951 5866 4483 953 257 4771 1743 3989 2380 8174 670 190 6710 2793 3 2149 8597 6636 1000 7072 951 8160 9641 8616 10 2570 2229 3573 3523 2486 8344 1618 841 2334 3999 5368 9356 541 2078 8502 545 579 3451 3533 1579 523 836 5750 5036 5391 3144 9407 359 9506 8497 2929 1735 8423 2805 573 3119 4423 7767 1805 4774 3135 1162 1668 1565 6016 8565 2144 9467 2098 75 6343 2934 5825 1379 7569 875 2961 7928 381 858 8469 2585 3663 9042 5705 4438 6809 7510 5565 6296 5024 7233 7861 1040 5798 5 508 4248 81 3203 3534 2258 4582 7088 9827 5457 6401 7756 2190 564 4966 7011 3149 4981 6054 8854 9419 9215 6365 1336 5512 7741 4921 9725 8782 7071 9731 5642 1319 6164 8845 1206 8422 9779 4646 4602 1588 1048 8710 3778 7964 7142 1113 8657 3196 9968 4428 8763 2685 2117 627 426 7038 353 5560 4110 1202 1781 2600 6399 9339 7374 6178 3986 1976 7766 686 7897 9350 714 5039 463 9371 4587 6783 152 3350 5820 2269 330 2599 5659 683 8159 6121 7119 4255 6071 2113 3594 3445 3932 1774 2460 6659 9527 8050 7836 8898 4619 5402 8692 6792 4023 9022 9391 9683 9705 3902 2156 3176 9616 6411 5599 8082 6 5396 2726 3938 7170 5136 5609 5983 8148 5510 2550 4465 760 5437 6163 232 6538 9254 7972 6221 5311 1874 8378 7843 4789 438 5925 1147 5834 8651 1438 9357 139 7047 5340 8287 28 7202 838 4494 7962 8730 6283 477 8962 4864 7016 4568 9188 9589 6231 1062 4319 5257 5461 7860 1182 6608 9833 8046 9403 6325 1445 1095 964 1474 8297 2320 2612 6884 4955 9441 5846 2809 6766 9007 2399 2997 6718 4067 1679 2179 8279 9213 5140 8326 5399 9538 7729 1724 984 5177 2688 8810 843 7482 8790 7727 2437 8232 9926 8608 1041 3044 3967 9792 6042 388 6511 6461 8419 5042 4741 3985 182 3067 9384 9721 7148 7460 7057 2325 148 2219 2152 7343 9701 942 1423 2138 5526 7701 7098 6568 745 1065 6360 6787 7805 9223 3249 6225 4266 7990 210 800 7409 5946 6873 4557 3406 3930 6883 9906 2501 5387 7250 2202

The minimum value has been inserted is: 3
The maximum value has been inserted is: 9994

The average (4998) of minimum and maximum isn't in the binary search tree.

Deleting value 6329: fail (wasn't in the tree)
Deleting value 8673: success
Deleting value  692: fail (wasn't in the tree)
Deleting value 1856: fail (wasn't in the tree)
Deleting value 6374: fail (wasn't in the tree)
Deleting value 7790: fail (wasn't in the tree)
Deleting value 4776: success
Deleting value 3471: fail (wasn't in the tree)
Deleting value 5207: fail (wasn't in the tree)
Deleting value 7488: fail (wasn't in the tree)

Deleting every node in the tree.
Every node has been successfully deleted.
